--------------------
Cycle:1	68	ADD R2, R0, #1

Registers
R00:	0	4	0	0	0	0	0	0	0	0	0	0	0	0	0	0
R16:	0	0	0	0	0	0	0	0	0	0	0	0	0	0	0	0

Data
164:	0	-1	0	1	2	1	1	0
196:	5	-5	6	1	1	1	1	1
228:	1	1	1	1	1	1	1	0

--------------------
Cycle:2	72	ADD R4, R2, R1

Registers
R00:	0	4	1	0	0	0	0	0	0	0	0	0	0	0	0	0
R16:	0	0	0	0	0	0	0	0	0	0	0	0	0	0	0	0

Data
164:	0	-1	0	1	2	1	1	0
196:	5	-5	6	1	1	1	1	1
228:	1	1	1	1	1	1	1	0

--------------------
Cycle:3	76	ADD R5, R4, R2

Registers
R00:	0	4	1	0	5	0	0	0	0	0	0	0	0	0	0	0
R16:	0	0	0	0	0	0	0	0	0	0	0	0	0	0	0	0

Data
164:	0	-1	0	1	2	1	1	0
196:	5	-5	6	1	1	1	1	1
228:	1	1	1	1	1	1	1	0

--------------------
Cycle:4	80	ADD R6, R2, R5

Registers
R00:	0	4	1	0	5	6	0	0	0	0	0	0	0	0	0	0
R16:	0	0	0	0	0	0	0	0	0	0	0	0	0	0	0	0

Data
164:	0	-1	0	1	2	1	1	0
196:	5	-5	6	1	1	1	1	1
228:	1	1	1	1	1	1	1	0

--------------------
Cycle:5	84	ADD R7, R2, R6

Registers
R00:	0	4	1	0	5	6	7	0	0	0	0	0	0	0	0	0
R16:	0	0	0	0	0	0	0	0	0	0	0	0	0	0	0	0

Data
164:	0	-1	0	1	2	1	1	0
196:	5	-5	6	1	1	1	1	1
228:	1	1	1	1	1	1	1	0

--------------------
Cycle:6	88	ADD R1, R1, R5

Registers
R00:	0	4	1	0	5	6	7	8	0	0	0	0	0	0	0	0
R16:	0	0	0	0	0	0	0	0	0	0	0	0	0	0	0	0

Data
164:	0	-1	0	1	2	1	1	0
196:	5	-5	6	1	1	1	1	1
228:	1	1	1	1	1	1	1	0

--------------------
Cycle:7	92	SW R1, 252(R0)

Registers
R00:	0	10	1	0	5	6	7	8	0	0	0	0	0	0	0	0
R16:	0	0	0	0	0	0	0	0	0	0	0	0	0	0	0	0

Data
164:	0	-1	0	1	2	1	1	0
196:	5	-5	6	1	1	1	1	1
228:	1	1	1	1	1	1	1	0

--------------------
Cycle:8	96	LW R1, 252(R0)

Registers
R00:	0	10	1	0	5	6	7	8	0	0	0	0	0	0	0	0
R16:	0	0	0	0	0	0	0	0	0	0	0	0	0	0	0	0

Data
164:	0	-1	0	1	2	1	1	0
196:	5	-5	6	1	1	1	1	1
228:	1	1	1	1	1	1	10	0

--------------------
Cycle:9	100	BLTZ R1, #52

Registers
R00:	0	10	1	0	5	6	7	8	0	0	0	0	0	0	0	0
R16:	0	0	0	0	0	0	0	0	0	0	0	0	0	0	0	0

Data
164:	0	-1	0	1	2	1	1	0
196:	5	-5	6	1	1	1	1	1
228:	1	1	1	1	1	1	10	0

--------------------
Cycle:10	104	SLL R10, R1, #2

Registers
R00:	0	10	1	0	5	6	7	8	0	0	0	0	0	0	0	0
R16:	0	0	0	0	0	0	0	0	0	0	0	0	0	0	0	0

Data
164:	0	-1	0	1	2	1	1	0
196:	5	-5	6	1	1	1	1	1
228:	1	1	1	1	1	1	10	0

--------------------
Cycle:11	108	LW R5, 188(R10)

Registers
R00:	0	10	1	0	5	6	7	8	0	0	40	0	0	0	0	0
R16:	0	0	0	0	0	0	0	0	0	0	0	0	0	0	0	0

Data
164:	0	-1	0	1	2	1	1	0
196:	5	-5	6	1	1	1	1	1
228:	1	1	1	1	1	1	10	0

--------------------
Cycle:12	112	LW R4, 184(R10)

Registers
R00:	0	10	1	0	5	1	7	8	0	0	40	0	0	0	0	0
R16:	0	0	0	0	0	0	0	0	0	0	0	0	0	0	0	0

Data
164:	0	-1	0	1	2	1	1	0
196:	5	-5	6	1	1	1	1	1
228:	1	1	1	1	1	1	10	0

--------------------
Cycle:13	116	LW R3, 180(R10)

Registers
R00:	0	10	1	0	1	1	7	8	0	0	40	0	0	0	0	0
R16:	0	0	0	0	0	0	0	0	0	0	0	0	0	0	0	0

Data
164:	0	-1	0	1	2	1	1	0
196:	5	-5	6	1	1	1	1	1
228:	1	1	1	1	1	1	10	0

--------------------
Cycle:14	120	SRL R11, R1, #2

Registers
R00:	0	10	1	1	1	1	7	8	0	0	40	0	0	0	0	0
R16:	0	0	0	0	0	0	0	0	0	0	0	0	0	0	0	0

Data
164:	0	-1	0	1	2	1	1	0
196:	5	-5	6	1	1	1	1	1
228:	1	1	1	1	1	1	10	0

--------------------
Cycle:15	124	BGTZ R11, #8

Registers
R00:	0	10	1	1	1	1	7	8	0	0	40	2	0	0	0	0
R16:	0	0	0	0	0	0	0	0	0	0	0	0	0	0	0	0

Data
164:	0	-1	0	1	2	1	1	0
196:	5	-5	6	1	1	1	1	1
228:	1	1	1	1	1	1	10	0

--------------------
Cycle:16	136	ADD R6, R4, R3

Registers
R00:	0	10	1	1	1	1	7	8	0	0	40	2	0	0	0	0
R16:	0	0	0	0	0	0	0	0	0	0	0	0	0	0	0	0

Data
164:	0	-1	0	1	2	1	1	0
196:	5	-5	6	1	1	1	1	1
228:	1	1	1	1	1	1	10	0

--------------------
Cycle:17	140	SW R6, 176(R10)

Registers
R00:	0	10	1	1	1	1	2	8	0	0	40	2	0	0	0	0
R16:	0	0	0	0	0	0	0	0	0	0	0	0	0	0	0	0

Data
164:	0	-1	0	1	2	1	1	0
196:	5	-5	6	1	1	1	1	1
228:	1	1	1	1	1	1	10	0

--------------------
Cycle:18	144	SUB R1, R1, R2

Registers
R00:	0	10	1	1	1	1	2	8	0	0	40	2	0	0	0	0
R16:	0	0	0	0	0	0	0	0	0	0	0	0	0	0	0	0

Data
164:	0	-1	0	1	2	1	1	0
196:	5	-5	6	1	1	2	1	1
228:	1	1	1	1	1	1	10	0

--------------------
Cycle:19	148	SW R1, 252(R0)

Registers
R00:	0	9	1	1	1	1	2	8	0	0	40	2	0	0	0	0
R16:	0	0	0	0	0	0	0	0	0	0	0	0	0	0	0	0

Data
164:	0	-1	0	1	2	1	1	0
196:	5	-5	6	1	1	2	1	1
228:	1	1	1	1	1	1	10	0

--------------------
Cycle:20	152	J #96

Registers
R00:	0	9	1	1	1	1	2	8	0	0	40	2	0	0	0	0
R16:	0	0	0	0	0	0	0	0	0	0	0	0	0	0	0	0

Data
164:	0	-1	0	1	2	1	1	0
196:	5	-5	6	1	1	2	1	1
228:	1	1	1	1	1	1	9	0

--------------------
Cycle:21	96	LW R1, 252(R0)

Registers
R00:	0	9	1	1	1	1	2	8	0	0	40	2	0	0	0	0
R16:	0	0	0	0	0	0	0	0	0	0	0	0	0	0	0	0

Data
164:	0	-1	0	1	2	1	1	0
196:	5	-5	6	1	1	2	1	1
228:	1	1	1	1	1	1	9	0

--------------------
Cycle:22	100	BLTZ R1, #52

Registers
R00:	0	9	1	1	1	1	2	8	0	0	40	2	0	0	0	0
R16:	0	0	0	0	0	0	0	0	0	0	0	0	0	0	0	0

Data
164:	0	-1	0	1	2	1	1	0
196:	5	-5	6	1	1	2	1	1
228:	1	1	1	1	1	1	9	0

--------------------
Cycle:23	104	SLL R10, R1, #2

Registers
R00:	0	9	1	1	1	1	2	8	0	0	40	2	0	0	0	0
R16:	0	0	0	0	0	0	0	0	0	0	0	0	0	0	0	0

Data
164:	0	-1	0	1	2	1	1	0
196:	5	-5	6	1	1	2	1	1
228:	1	1	1	1	1	1	9	0

--------------------
Cycle:24	108	LW R5, 188(R10)

Registers
R00:	0	9	1	1	1	1	2	8	0	0	36	2	0	0	0	0
R16:	0	0	0	0	0	0	0	0	0	0	0	0	0	0	0	0

Data
164:	0	-1	0	1	2	1	1	0
196:	5	-5	6	1	1	2	1	1
228:	1	1	1	1	1	1	9	0

--------------------
Cycle:25	112	LW R4, 184(R10)

Registers
R00:	0	9	1	1	1	1	2	8	0	0	36	2	0	0	0	0
R16:	0	0	0	0	0	0	0	0	0	0	0	0	0	0	0	0

Data
164:	0	-1	0	1	2	1	1	0
196:	5	-5	6	1	1	2	1	1
228:	1	1	1	1	1	1	9	0

--------------------
Cycle:26	116	LW R3, 180(R10)

Registers
R00:	0	9	1	1	1	1	2	8	0	0	36	2	0	0	0	0
R16:	0	0	0	0	0	0	0	0	0	0	0	0	0	0	0	0

Data
164:	0	-1	0	1	2	1	1	0
196:	5	-5	6	1	1	2	1	1
228:	1	1	1	1	1	1	9	0

--------------------
Cycle:27	120	SRL R11, R1, #2

Registers
R00:	0	9	1	2	1	1	2	8	0	0	36	2	0	0	0	0
R16:	0	0	0	0	0	0	0	0	0	0	0	0	0	0	0	0

Data
164:	0	-1	0	1	2	1	1	0
196:	5	-5	6	1	1	2	1	1
228:	1	1	1	1	1	1	9	0

--------------------
Cycle:28	124	BGTZ R11, #8

Registers
R00:	0	9	1	2	1	1	2	8	0	0	36	2	0	0	0	0
R16:	0	0	0	0	0	0	0	0	0	0	0	0	0	0	0	0

Data
164:	0	-1	0	1	2	1	1	0
196:	5	-5	6	1	1	2	1	1
228:	1	1	1	1	1	1	9	0

--------------------
Cycle:29	136	ADD R6, R4, R3

Registers
R00:	0	9	1	2	1	1	2	8	0	0	36	2	0	0	0	0
R16:	0	0	0	0	0	0	0	0	0	0	0	0	0	0	0	0

Data
164:	0	-1	0	1	2	1	1	0
196:	5	-5	6	1	1	2	1	1
228:	1	1	1	1	1	1	9	0

--------------------
Cycle:30	140	SW R6, 176(R10)

Registers
R00:	0	9	1	2	1	1	3	8	0	0	36	2	0	0	0	0
R16:	0	0	0	0	0	0	0	0	0	0	0	0	0	0	0	0

Data
164:	0	-1	0	1	2	1	1	0
196:	5	-5	6	1	1	2	1	1
228:	1	1	1	1	1	1	9	0

--------------------
Cycle:31	144	SUB R1, R1, R2

Registers
R00:	0	9	1	2	1	1	3	8	0	0	36	2	0	0	0	0
R16:	0	0	0	0	0	0	0	0	0	0	0	0	0	0	0	0

Data
164:	0	-1	0	1	2	1	1	0
196:	5	-5	6	1	3	2	1	1
228:	1	1	1	1	1	1	9	0

--------------------
Cycle:32	148	SW R1, 252(R0)

Registers
R00:	0	8	1	2	1	1	3	8	0	0	36	2	0	0	0	0
R16:	0	0	0	0	0	0	0	0	0	0	0	0	0	0	0	0

Data
164:	0	-1	0	1	2	1	1	0
196:	5	-5	6	1	3	2	1	1
228:	1	1	1	1	1	1	9	0

--------------------
Cycle:33	152	J #96

Registers
R00:	0	8	1	2	1	1	3	8	0	0	36	2	0	0	0	0
R16:	0	0	0	0	0	0	0	0	0	0	0	0	0	0	0	0

Data
164:	0	-1	0	1	2	1	1	0
196:	5	-5	6	1	3	2	1	1
228:	1	1	1	1	1	1	8	0

--------------------
Cycle:34	96	LW R1, 252(R0)

Registers
R00:	0	8	1	2	1	1	3	8	0	0	36	2	0	0	0	0
R16:	0	0	0	0	0	0	0	0	0	0	0	0	0	0	0	0

Data
164:	0	-1	0	1	2	1	1	0
196:	5	-5	6	1	3	2	1	1
228:	1	1	1	1	1	1	8	0

--------------------
Cycle:35	100	BLTZ R1, #52

Registers
R00:	0	8	1	2	1	1	3	8	0	0	36	2	0	0	0	0
R16:	0	0	0	0	0	0	0	0	0	0	0	0	0	0	0	0

Data
164:	0	-1	0	1	2	1	1	0
196:	5	-5	6	1	3	2	1	1
228:	1	1	1	1	1	1	8	0

--------------------
Cycle:36	104	SLL R10, R1, #2

Registers
R00:	0	8	1	2	1	1	3	8	0	0	36	2	0	0	0	0
R16:	0	0	0	0	0	0	0	0	0	0	0	0	0	0	0	0

Data
164:	0	-1	0	1	2	1	1	0
196:	5	-5	6	1	3	2	1	1
228:	1	1	1	1	1	1	8	0

--------------------
Cycle:37	108	LW R5, 188(R10)

Registers
R00:	0	8	1	2	1	1	3	8	0	0	32	2	0	0	0	0
R16:	0	0	0	0	0	0	0	0	0	0	0	0	0	0	0	0

Data
164:	0	-1	0	1	2	1	1	0
196:	5	-5	6	1	3	2	1	1
228:	1	1	1	1	1	1	8	0

--------------------
Cycle:38	112	LW R4, 184(R10)

Registers
R00:	0	8	1	2	1	1	3	8	0	0	32	2	0	0	0	0
R16:	0	0	0	0	0	0	0	0	0	0	0	0	0	0	0	0

Data
164:	0	-1	0	1	2	1	1	0
196:	5	-5	6	1	3	2	1	1
228:	1	1	1	1	1	1	8	0

--------------------
Cycle:39	116	LW R3, 180(R10)

Registers
R00:	0	8	1	2	2	1	3	8	0	0	32	2	0	0	0	0
R16:	0	0	0	0	0	0	0	0	0	0	0	0	0	0	0	0

Data
164:	0	-1	0	1	2	1	1	0
196:	5	-5	6	1	3	2	1	1
228:	1	1	1	1	1	1	8	0

--------------------
Cycle:40	120	SRL R11, R1, #2

Registers
R00:	0	8	1	3	2	1	3	8	0	0	32	2	0	0	0	0
R16:	0	0	0	0	0	0	0	0	0	0	0	0	0	0	0	0

Data
164:	0	-1	0	1	2	1	1	0
196:	5	-5	6	1	3	2	1	1
228:	1	1	1	1	1	1	8	0

--------------------
Cycle:41	124	BGTZ R11, #8

Registers
R00:	0	8	1	3	2	1	3	8	0	0	32	2	0	0	0	0
R16:	0	0	0	0	0	0	0	0	0	0	0	0	0	0	0	0

Data
164:	0	-1	0	1	2	1	1	0
196:	5	-5	6	1	3	2	1	1
228:	1	1	1	1	1	1	8	0

--------------------
Cycle:42	136	ADD R6, R4, R3

Registers
R00:	0	8	1	3	2	1	3	8	0	0	32	2	0	0	0	0
R16:	0	0	0	0	0	0	0	0	0	0	0	0	0	0	0	0

Data
164:	0	-1	0	1	2	1	1	0
196:	5	-5	6	1	3	2	1	1
228:	1	1	1	1	1	1	8	0

--------------------
Cycle:43	140	SW R6, 176(R10)

Registers
R00:	0	8	1	3	2	1	5	8	0	0	32	2	0	0	0	0
R16:	0	0	0	0	0	0	0	0	0	0	0	0	0	0	0	0

Data
164:	0	-1	0	1	2	1	1	0
196:	5	-5	6	1	3	2	1	1
228:	1	1	1	1	1	1	8	0

--------------------
Cycle:44	144	SUB R1, R1, R2

Registers
R00:	0	8	1	3	2	1	5	8	0	0	32	2	0	0	0	0
R16:	0	0	0	0	0	0	0	0	0	0	0	0	0	0	0	0

Data
164:	0	-1	0	1	2	1	1	0
196:	5	-5	6	5	3	2	1	1
228:	1	1	1	1	1	1	8	0

--------------------
Cycle:45	148	SW R1, 252(R0)

Registers
R00:	0	7	1	3	2	1	5	8	0	0	32	2	0	0	0	0
R16:	0	0	0	0	0	0	0	0	0	0	0	0	0	0	0	0

Data
164:	0	-1	0	1	2	1	1	0
196:	5	-5	6	5	3	2	1	1
228:	1	1	1	1	1	1	8	0

--------------------
Cycle:46	152	J #96

Registers
R00:	0	7	1	3	2	1	5	8	0	0	32	2	0	0	0	0
R16:	0	0	0	0	0	0	0	0	0	0	0	0	0	0	0	0

Data
164:	0	-1	0	1	2	1	1	0
196:	5	-5	6	5	3	2	1	1
228:	1	1	1	1	1	1	7	0

--------------------
Cycle:47	96	LW R1, 252(R0)

Registers
R00:	0	7	1	3	2	1	5	8	0	0	32	2	0	0	0	0
R16:	0	0	0	0	0	0	0	0	0	0	0	0	0	0	0	0

Data
164:	0	-1	0	1	2	1	1	0
196:	5	-5	6	5	3	2	1	1
228:	1	1	1	1	1	1	7	0

--------------------
Cycle:48	100	BLTZ R1, #52

Registers
R00:	0	7	1	3	2	1	5	8	0	0	32	2	0	0	0	0
R16:	0	0	0	0	0	0	0	0	0	0	0	0	0	0	0	0

Data
164:	0	-1	0	1	2	1	1	0
196:	5	-5	6	5	3	2	1	1
228:	1	1	1	1	1	1	7	0

--------------------
Cycle:49	104	SLL R10, R1, #2

Registers
R00:	0	7	1	3	2	1	5	8	0	0	32	2	0	0	0	0
R16:	0	0	0	0	0	0	0	0	0	0	0	0	0	0	0	0

Data
164:	0	-1	0	1	2	1	1	0
196:	5	-5	6	5	3	2	1	1
228:	1	1	1	1	1	1	7	0

--------------------
Cycle:50	108	LW R5, 188(R10)

Registers
R00:	0	7	1	3	2	1	5	8	0	0	28	2	0	0	0	0
R16:	0	0	0	0	0	0	0	0	0	0	0	0	0	0	0	0

Data
164:	0	-1	0	1	2	1	1	0
196:	5	-5	6	5	3	2	1	1
228:	1	1	1	1	1	1	7	0

--------------------
Cycle:51	112	LW R4, 184(R10)

Registers
R00:	0	7	1	3	2	2	5	8	0	0	28	2	0	0	0	0
R16:	0	0	0	0	0	0	0	0	0	0	0	0	0	0	0	0

Data
164:	0	-1	0	1	2	1	1	0
196:	5	-5	6	5	3	2	1	1
228:	1	1	1	1	1	1	7	0

--------------------
Cycle:52	116	LW R3, 180(R10)

Registers
R00:	0	7	1	3	3	2	5	8	0	0	28	2	0	0	0	0
R16:	0	0	0	0	0	0	0	0	0	0	0	0	0	0	0	0

Data
164:	0	-1	0	1	2	1	1	0
196:	5	-5	6	5	3	2	1	1
228:	1	1	1	1	1	1	7	0

--------------------
Cycle:53	120	SRL R11, R1, #2

Registers
R00:	0	7	1	5	3	2	5	8	0	0	28	2	0	0	0	0
R16:	0	0	0	0	0	0	0	0	0	0	0	0	0	0	0	0

Data
164:	0	-1	0	1	2	1	1	0
196:	5	-5	6	5	3	2	1	1
228:	1	1	1	1	1	1	7	0

--------------------
Cycle:54	124	BGTZ R11, #8

Registers
R00:	0	7	1	5	3	2	5	8	0	0	28	1	0	0	0	0
R16:	0	0	0	0	0	0	0	0	0	0	0	0	0	0	0	0

Data
164:	0	-1	0	1	2	1	1	0
196:	5	-5	6	5	3	2	1	1
228:	1	1	1	1	1	1	7	0

--------------------
Cycle:55	136	ADD R6, R4, R3

Registers
R00:	0	7	1	5	3	2	5	8	0	0	28	1	0	0	0	0
R16:	0	0	0	0	0	0	0	0	0	0	0	0	0	0	0	0

Data
164:	0	-1	0	1	2	1	1	0
196:	5	-5	6	5	3	2	1	1
228:	1	1	1	1	1	1	7	0

--------------------
Cycle:56	140	SW R6, 176(R10)

Registers
R00:	0	7	1	5	3	2	8	8	0	0	28	1	0	0	0	0
R16:	0	0	0	0	0	0	0	0	0	0	0	0	0	0	0	0

Data
164:	0	-1	0	1	2	1	1	0
196:	5	-5	6	5	3	2	1	1
228:	1	1	1	1	1	1	7	0

--------------------
Cycle:57	144	SUB R1, R1, R2

Registers
R00:	0	7	1	5	3	2	8	8	0	0	28	1	0	0	0	0
R16:	0	0	0	0	0	0	0	0	0	0	0	0	0	0	0	0

Data
164:	0	-1	0	1	2	1	1	0
196:	5	-5	8	5	3	2	1	1
228:	1	1	1	1	1	1	7	0

--------------------
Cycle:58	148	SW R1, 252(R0)

Registers
R00:	0	6	1	5	3	2	8	8	0	0	28	1	0	0	0	0
R16:	0	0	0	0	0	0	0	0	0	0	0	0	0	0	0	0

Data
164:	0	-1	0	1	2	1	1	0
196:	5	-5	8	5	3	2	1	1
228:	1	1	1	1	1	1	7	0

--------------------
Cycle:59	152	J #96

Registers
R00:	0	6	1	5	3	2	8	8	0	0	28	1	0	0	0	0
R16:	0	0	0	0	0	0	0	0	0	0	0	0	0	0	0	0

Data
164:	0	-1	0	1	2	1	1	0
196:	5	-5	8	5	3	2	1	1
228:	1	1	1	1	1	1	6	0

--------------------
Cycle:60	96	LW R1, 252(R0)

Registers
R00:	0	6	1	5	3	2	8	8	0	0	28	1	0	0	0	0
R16:	0	0	0	0	0	0	0	0	0	0	0	0	0	0	0	0

Data
164:	0	-1	0	1	2	1	1	0
196:	5	-5	8	5	3	2	1	1
228:	1	1	1	1	1	1	6	0

--------------------
Cycle:61	100	BLTZ R1, #52

Registers
R00:	0	6	1	5	3	2	8	8	0	0	28	1	0	0	0	0
R16:	0	0	0	0	0	0	0	0	0	0	0	0	0	0	0	0

Data
164:	0	-1	0	1	2	1	1	0
196:	5	-5	8	5	3	2	1	1
228:	1	1	1	1	1	1	6	0

--------------------
Cycle:62	104	SLL R10, R1, #2

Registers
R00:	0	6	1	5	3	2	8	8	0	0	28	1	0	0	0	0
R16:	0	0	0	0	0	0	0	0	0	0	0	0	0	0	0	0

Data
164:	0	-1	0	1	2	1	1	0
196:	5	-5	8	5	3	2	1	1
228:	1	1	1	1	1	1	6	0

--------------------
Cycle:63	108	LW R5, 188(R10)

Registers
R00:	0	6	1	5	3	2	8	8	0	0	24	1	0	0	0	0
R16:	0	0	0	0	0	0	0	0	0	0	0	0	0	0	0	0

Data
164:	0	-1	0	1	2	1	1	0
196:	5	-5	8	5	3	2	1	1
228:	1	1	1	1	1	1	6	0

--------------------
Cycle:64	112	LW R4, 184(R10)

Registers
R00:	0	6	1	5	3	3	8	8	0	0	24	1	0	0	0	0
R16:	0	0	0	0	0	0	0	0	0	0	0	0	0	0	0	0

Data
164:	0	-1	0	1	2	1	1	0
196:	5	-5	8	5	3	2	1	1
228:	1	1	1	1	1	1	6	0

--------------------
Cycle:65	116	LW R3, 180(R10)

Registers
R00:	0	6	1	5	5	3	8	8	0	0	24	1	0	0	0	0
R16:	0	0	0	0	0	0	0	0	0	0	0	0	0	0	0	0

Data
164:	0	-1	0	1	2	1	1	0
196:	5	-5	8	5	3	2	1	1
228:	1	1	1	1	1	1	6	0

--------------------
Cycle:66	120	SRL R11, R1, #2

Registers
R00:	0	6	1	8	5	3	8	8	0	0	24	1	0	0	0	0
R16:	0	0	0	0	0	0	0	0	0	0	0	0	0	0	0	0

Data
164:	0	-1	0	1	2	1	1	0
196:	5	-5	8	5	3	2	1	1
228:	1	1	1	1	1	1	6	0

--------------------
Cycle:67	124	BGTZ R11, #8

Registers
R00:	0	6	1	8	5	3	8	8	0	0	24	1	0	0	0	0
R16:	0	0	0	0	0	0	0	0	0	0	0	0	0	0	0	0

Data
164:	0	-1	0	1	2	1	1	0
196:	5	-5	8	5	3	2	1	1
228:	1	1	1	1	1	1	6	0

--------------------
Cycle:68	136	ADD R6, R4, R3

Registers
R00:	0	6	1	8	5	3	8	8	0	0	24	1	0	0	0	0
R16:	0	0	0	0	0	0	0	0	0	0	0	0	0	0	0	0

Data
164:	0	-1	0	1	2	1	1	0
196:	5	-5	8	5	3	2	1	1
228:	1	1	1	1	1	1	6	0

--------------------
Cycle:69	140	SW R6, 176(R10)

Registers
R00:	0	6	1	8	5	3	13	8	0	0	24	1	0	0	0	0
R16:	0	0	0	0	0	0	0	0	0	0	0	0	0	0	0	0

Data
164:	0	-1	0	1	2	1	1	0
196:	5	-5	8	5	3	2	1	1
228:	1	1	1	1	1	1	6	0

--------------------
Cycle:70	144	SUB R1, R1, R2

Registers
R00:	0	6	1	8	5	3	13	8	0	0	24	1	0	0	0	0
R16:	0	0	0	0	0	0	0	0	0	0	0	0	0	0	0	0

Data
164:	0	-1	0	1	2	1	1	0
196:	5	13	8	5	3	2	1	1
228:	1	1	1	1	1	1	6	0

--------------------
Cycle:71	148	SW R1, 252(R0)

Registers
R00:	0	5	1	8	5	3	13	8	0	0	24	1	0	0	0	0
R16:	0	0	0	0	0	0	0	0	0	0	0	0	0	0	0	0

Data
164:	0	-1	0	1	2	1	1	0
196:	5	13	8	5	3	2	1	1
228:	1	1	1	1	1	1	6	0

--------------------
Cycle:72	152	J #96

Registers
R00:	0	5	1	8	5	3	13	8	0	0	24	1	0	0	0	0
R16:	0	0	0	0	0	0	0	0	0	0	0	0	0	0	0	0

Data
164:	0	-1	0	1	2	1	1	0
196:	5	13	8	5	3	2	1	1
228:	1	1	1	1	1	1	5	0

--------------------
Cycle:73	96	LW R1, 252(R0)

Registers
R00:	0	5	1	8	5	3	13	8	0	0	24	1	0	0	0	0
R16:	0	0	0	0	0	0	0	0	0	0	0	0	0	0	0	0

Data
164:	0	-1	0	1	2	1	1	0
196:	5	13	8	5	3	2	1	1
228:	1	1	1	1	1	1	5	0

--------------------
Cycle:74	100	BLTZ R1, #52

Registers
R00:	0	5	1	8	5	3	13	8	0	0	24	1	0	0	0	0
R16:	0	0	0	0	0	0	0	0	0	0	0	0	0	0	0	0

Data
164:	0	-1	0	1	2	1	1	0
196:	5	13	8	5	3	2	1	1
228:	1	1	1	1	1	1	5	0

--------------------
Cycle:75	104	SLL R10, R1, #2

Registers
R00:	0	5	1	8	5	3	13	8	0	0	24	1	0	0	0	0
R16:	0	0	0	0	0	0	0	0	0	0	0	0	0	0	0	0

Data
164:	0	-1	0	1	2	1	1	0
196:	5	13	8	5	3	2	1	1
228:	1	1	1	1	1	1	5	0

--------------------
Cycle:76	108	LW R5, 188(R10)

Registers
R00:	0	5	1	8	5	3	13	8	0	0	20	1	0	0	0	0
R16:	0	0	0	0	0	0	0	0	0	0	0	0	0	0	0	0

Data
164:	0	-1	0	1	2	1	1	0
196:	5	13	8	5	3	2	1	1
228:	1	1	1	1	1	1	5	0

--------------------
Cycle:77	112	LW R4, 184(R10)

Registers
R00:	0	5	1	8	5	5	13	8	0	0	20	1	0	0	0	0
R16:	0	0	0	0	0	0	0	0	0	0	0	0	0	0	0	0

Data
164:	0	-1	0	1	2	1	1	0
196:	5	13	8	5	3	2	1	1
228:	1	1	1	1	1	1	5	0

--------------------
Cycle:78	116	LW R3, 180(R10)

Registers
R00:	0	5	1	8	8	5	13	8	0	0	20	1	0	0	0	0
R16:	0	0	0	0	0	0	0	0	0	0	0	0	0	0	0	0

Data
164:	0	-1	0	1	2	1	1	0
196:	5	13	8	5	3	2	1	1
228:	1	1	1	1	1	1	5	0

--------------------
Cycle:79	120	SRL R11, R1, #2

Registers
R00:	0	5	1	13	8	5	13	8	0	0	20	1	0	0	0	0
R16:	0	0	0	0	0	0	0	0	0	0	0	0	0	0	0	0

Data
164:	0	-1	0	1	2	1	1	0
196:	5	13	8	5	3	2	1	1
228:	1	1	1	1	1	1	5	0

--------------------
Cycle:80	124	BGTZ R11, #8

Registers
R00:	0	5	1	13	8	5	13	8	0	0	20	1	0	0	0	0
R16:	0	0	0	0	0	0	0	0	0	0	0	0	0	0	0	0

Data
164:	0	-1	0	1	2	1	1	0
196:	5	13	8	5	3	2	1	1
228:	1	1	1	1	1	1	5	0

--------------------
Cycle:81	136	ADD R6, R4, R3

Registers
R00:	0	5	1	13	8	5	13	8	0	0	20	1	0	0	0	0
R16:	0	0	0	0	0	0	0	0	0	0	0	0	0	0	0	0

Data
164:	0	-1	0	1	2	1	1	0
196:	5	13	8	5	3	2	1	1
228:	1	1	1	1	1	1	5	0

--------------------
Cycle:82	140	SW R6, 176(R10)

Registers
R00:	0	5	1	13	8	5	21	8	0	0	20	1	0	0	0	0
R16:	0	0	0	0	0	0	0	0	0	0	0	0	0	0	0	0

Data
164:	0	-1	0	1	2	1	1	0
196:	5	13	8	5	3	2	1	1
228:	1	1	1	1	1	1	5	0

--------------------
Cycle:83	144	SUB R1, R1, R2

Registers
R00:	0	5	1	13	8	5	21	8	0	0	20	1	0	0	0	0
R16:	0	0	0	0	0	0	0	0	0	0	0	0	0	0	0	0

Data
164:	0	-1	0	1	2	1	1	0
196:	21	13	8	5	3	2	1	1
228:	1	1	1	1	1	1	5	0

--------------------
Cycle:84	148	SW R1, 252(R0)

Registers
R00:	0	4	1	13	8	5	21	8	0	0	20	1	0	0	0	0
R16:	0	0	0	0	0	0	0	0	0	0	0	0	0	0	0	0

Data
164:	0	-1	0	1	2	1	1	0
196:	21	13	8	5	3	2	1	1
228:	1	1	1	1	1	1	5	0

--------------------
Cycle:85	152	J #96

Registers
R00:	0	4	1	13	8	5	21	8	0	0	20	1	0	0	0	0
R16:	0	0	0	0	0	0	0	0	0	0	0	0	0	0	0	0

Data
164:	0	-1	0	1	2	1	1	0
196:	21	13	8	5	3	2	1	1
228:	1	1	1	1	1	1	4	0

--------------------
Cycle:86	96	LW R1, 252(R0)

Registers
R00:	0	4	1	13	8	5	21	8	0	0	20	1	0	0	0	0
R16:	0	0	0	0	0	0	0	0	0	0	0	0	0	0	0	0

Data
164:	0	-1	0	1	2	1	1	0
196:	21	13	8	5	3	2	1	1
228:	1	1	1	1	1	1	4	0

--------------------
Cycle:87	100	BLTZ R1, #52

Registers
R00:	0	4	1	13	8	5	21	8	0	0	20	1	0	0	0	0
R16:	0	0	0	0	0	0	0	0	0	0	0	0	0	0	0	0

Data
164:	0	-1	0	1	2	1	1	0
196:	21	13	8	5	3	2	1	1
228:	1	1	1	1	1	1	4	0

--------------------
Cycle:88	104	SLL R10, R1, #2

Registers
R00:	0	4	1	13	8	5	21	8	0	0	20	1	0	0	0	0
R16:	0	0	0	0	0	0	0	0	0	0	0	0	0	0	0	0

Data
164:	0	-1	0	1	2	1	1	0
196:	21	13	8	5	3	2	1	1
228:	1	1	1	1	1	1	4	0

--------------------
Cycle:89	108	LW R5, 188(R10)

Registers
R00:	0	4	1	13	8	5	21	8	0	0	16	1	0	0	0	0
R16:	0	0	0	0	0	0	0	0	0	0	0	0	0	0	0	0

Data
164:	0	-1	0	1	2	1	1	0
196:	21	13	8	5	3	2	1	1
228:	1	1	1	1	1	1	4	0

--------------------
Cycle:90	112	LW R4, 184(R10)

Registers
R00:	0	4	1	13	8	8	21	8	0	0	16	1	0	0	0	0
R16:	0	0	0	0	0	0	0	0	0	0	0	0	0	0	0	0

Data
164:	0	-1	0	1	2	1	1	0
196:	21	13	8	5	3	2	1	1
228:	1	1	1	1	1	1	4	0

--------------------
Cycle:91	116	LW R3, 180(R10)

Registers
R00:	0	4	1	13	13	8	21	8	0	0	16	1	0	0	0	0
R16:	0	0	0	0	0	0	0	0	0	0	0	0	0	0	0	0

Data
164:	0	-1	0	1	2	1	1	0
196:	21	13	8	5	3	2	1	1
228:	1	1	1	1	1	1	4	0

--------------------
Cycle:92	120	SRL R11, R1, #2

Registers
R00:	0	4	1	21	13	8	21	8	0	0	16	1	0	0	0	0
R16:	0	0	0	0	0	0	0	0	0	0	0	0	0	0	0	0

Data
164:	0	-1	0	1	2	1	1	0
196:	21	13	8	5	3	2	1	1
228:	1	1	1	1	1	1	4	0

--------------------
Cycle:93	124	BGTZ R11, #8

Registers
R00:	0	4	1	21	13	8	21	8	0	0	16	1	0	0	0	0
R16:	0	0	0	0	0	0	0	0	0	0	0	0	0	0	0	0

Data
164:	0	-1	0	1	2	1	1	0
196:	21	13	8	5	3	2	1	1
228:	1	1	1	1	1	1	4	0

--------------------
Cycle:94	136	ADD R6, R4, R3

Registers
R00:	0	4	1	21	13	8	21	8	0	0	16	1	0	0	0	0
R16:	0	0	0	0	0	0	0	0	0	0	0	0	0	0	0	0

Data
164:	0	-1	0	1	2	1	1	0
196:	21	13	8	5	3	2	1	1
228:	1	1	1	1	1	1	4	0

--------------------
Cycle:95	140	SW R6, 176(R10)

Registers
R00:	0	4	1	21	13	8	34	8	0	0	16	1	0	0	0	0
R16:	0	0	0	0	0	0	0	0	0	0	0	0	0	0	0	0

Data
164:	0	-1	0	1	2	1	1	0
196:	21	13	8	5	3	2	1	1
228:	1	1	1	1	1	1	4	0

--------------------
Cycle:96	144	SUB R1, R1, R2

Registers
R00:	0	4	1	21	13	8	34	8	0	0	16	1	0	0	0	0
R16:	0	0	0	0	0	0	0	0	0	0	0	0	0	0	0	0

Data
164:	0	-1	0	1	2	1	1	34
196:	21	13	8	5	3	2	1	1
228:	1	1	1	1	1	1	4	0

--------------------
Cycle:97	148	SW R1, 252(R0)

Registers
R00:	0	3	1	21	13	8	34	8	0	0	16	1	0	0	0	0
R16:	0	0	0	0	0	0	0	0	0	0	0	0	0	0	0	0

Data
164:	0	-1	0	1	2	1	1	34
196:	21	13	8	5	3	2	1	1
228:	1	1	1	1	1	1	4	0

--------------------
Cycle:98	152	J #96

Registers
R00:	0	3	1	21	13	8	34	8	0	0	16	1	0	0	0	0
R16:	0	0	0	0	0	0	0	0	0	0	0	0	0	0	0	0

Data
164:	0	-1	0	1	2	1	1	34
196:	21	13	8	5	3	2	1	1
228:	1	1	1	1	1	1	3	0

--------------------
Cycle:99	96	LW R1, 252(R0)

Registers
R00:	0	3	1	21	13	8	34	8	0	0	16	1	0	0	0	0
R16:	0	0	0	0	0	0	0	0	0	0	0	0	0	0	0	0

Data
164:	0	-1	0	1	2	1	1	34
196:	21	13	8	5	3	2	1	1
228:	1	1	1	1	1	1	3	0

--------------------
Cycle:100	100	BLTZ R1, #52

Registers
R00:	0	3	1	21	13	8	34	8	0	0	16	1	0	0	0	0
R16:	0	0	0	0	0	0	0	0	0	0	0	0	0	0	0	0

Data
164:	0	-1	0	1	2	1	1	34
196:	21	13	8	5	3	2	1	1
228:	1	1	1	1	1	1	3	0

--------------------
Cycle:101	104	SLL R10, R1, #2

Registers
R00:	0	3	1	21	13	8	34	8	0	0	16	1	0	0	0	0
R16:	0	0	0	0	0	0	0	0	0	0	0	0	0	0	0	0

Data
164:	0	-1	0	1	2	1	1	34
196:	21	13	8	5	3	2	1	1
228:	1	1	1	1	1	1	3	0

--------------------
Cycle:102	108	LW R5, 188(R10)

Registers
R00:	0	3	1	21	13	8	34	8	0	0	12	1	0	0	0	0
R16:	0	0	0	0	0	0	0	0	0	0	0	0	0	0	0	0

Data
164:	0	-1	0	1	2	1	1	34
196:	21	13	8	5	3	2	1	1
228:	1	1	1	1	1	1	3	0

--------------------
Cycle:103	112	LW R4, 184(R10)

Registers
R00:	0	3	1	21	13	13	34	8	0	0	12	1	0	0	0	0
R16:	0	0	0	0	0	0	0	0	0	0	0	0	0	0	0	0

Data
164:	0	-1	0	1	2	1	1	34
196:	21	13	8	5	3	2	1	1
228:	1	1	1	1	1	1	3	0

--------------------
Cycle:104	116	LW R3, 180(R10)

Registers
R00:	0	3	1	21	21	13	34	8	0	0	12	1	0	0	0	0
R16:	0	0	0	0	0	0	0	0	0	0	0	0	0	0	0	0

Data
164:	0	-1	0	1	2	1	1	34
196:	21	13	8	5	3	2	1	1
228:	1	1	1	1	1	1	3	0

--------------------
Cycle:105	120	SRL R11, R1, #2

Registers
R00:	0	3	1	34	21	13	34	8	0	0	12	1	0	0	0	0
R16:	0	0	0	0	0	0	0	0	0	0	0	0	0	0	0	0

Data
164:	0	-1	0	1	2	1	1	34
196:	21	13	8	5	3	2	1	1
228:	1	1	1	1	1	1	3	0

--------------------
Cycle:106	124	BGTZ R11, #8

Registers
R00:	0	3	1	34	21	13	34	8	0	0	12	0	0	0	0	0
R16:	0	0	0	0	0	0	0	0	0	0	0	0	0	0	0	0

Data
164:	0	-1	0	1	2	1	1	34
196:	21	13	8	5	3	2	1	1
228:	1	1	1	1	1	1	3	0

--------------------
Cycle:107	128	ADD R6, R5, R3

Registers
R00:	0	3	1	34	21	13	34	8	0	0	12	0	0	0	0	0
R16:	0	0	0	0	0	0	0	0	0	0	0	0	0	0	0	0

Data
164:	0	-1	0	1	2	1	1	34
196:	21	13	8	5	3	2	1	1
228:	1	1	1	1	1	1	3	0

--------------------
Cycle:108	132	J #140

Registers
R00:	0	3	1	34	21	13	47	8	0	0	12	0	0	0	0	0
R16:	0	0	0	0	0	0	0	0	0	0	0	0	0	0	0	0

Data
164:	0	-1	0	1	2	1	1	34
196:	21	13	8	5	3	2	1	1
228:	1	1	1	1	1	1	3	0

--------------------
Cycle:109	140	SW R6, 176(R10)

Registers
R00:	0	3	1	34	21	13	47	8	0	0	12	0	0	0	0	0
R16:	0	0	0	0	0	0	0	0	0	0	0	0	0	0	0	0

Data
164:	0	-1	0	1	2	1	1	34
196:	21	13	8	5	3	2	1	1
228:	1	1	1	1	1	1	3	0

--------------------
Cycle:110	144	SUB R1, R1, R2

Registers
R00:	0	3	1	34	21	13	47	8	0	0	12	0	0	0	0	0
R16:	0	0	0	0	0	0	0	0	0	0	0	0	0	0	0	0

Data
164:	0	-1	0	1	2	1	47	34
196:	21	13	8	5	3	2	1	1
228:	1	1	1	1	1	1	3	0

--------------------
Cycle:111	148	SW R1, 252(R0)

Registers
R00:	0	2	1	34	21	13	47	8	0	0	12	0	0	0	0	0
R16:	0	0	0	0	0	0	0	0	0	0	0	0	0	0	0	0

Data
164:	0	-1	0	1	2	1	47	34
196:	21	13	8	5	3	2	1	1
228:	1	1	1	1	1	1	3	0

--------------------
Cycle:112	152	J #96

Registers
R00:	0	2	1	34	21	13	47	8	0	0	12	0	0	0	0	0
R16:	0	0	0	0	0	0	0	0	0	0	0	0	0	0	0	0

Data
164:	0	-1	0	1	2	1	47	34
196:	21	13	8	5	3	2	1	1
228:	1	1	1	1	1	1	2	0

--------------------
Cycle:113	96	LW R1, 252(R0)

Registers
R00:	0	2	1	34	21	13	47	8	0	0	12	0	0	0	0	0
R16:	0	0	0	0	0	0	0	0	0	0	0	0	0	0	0	0

Data
164:	0	-1	0	1	2	1	47	34
196:	21	13	8	5	3	2	1	1
228:	1	1	1	1	1	1	2	0

--------------------
Cycle:114	100	BLTZ R1, #52

Registers
R00:	0	2	1	34	21	13	47	8	0	0	12	0	0	0	0	0
R16:	0	0	0	0	0	0	0	0	0	0	0	0	0	0	0	0

Data
164:	0	-1	0	1	2	1	47	34
196:	21	13	8	5	3	2	1	1
228:	1	1	1	1	1	1	2	0

--------------------
Cycle:115	104	SLL R10, R1, #2

Registers
R00:	0	2	1	34	21	13	47	8	0	0	12	0	0	0	0	0
R16:	0	0	0	0	0	0	0	0	0	0	0	0	0	0	0	0

Data
164:	0	-1	0	1	2	1	47	34
196:	21	13	8	5	3	2	1	1
228:	1	1	1	1	1	1	2	0

--------------------
Cycle:116	108	LW R5, 188(R10)

Registers
R00:	0	2	1	34	21	13	47	8	0	0	8	0	0	0	0	0
R16:	0	0	0	0	0	0	0	0	0	0	0	0	0	0	0	0

Data
164:	0	-1	0	1	2	1	47	34
196:	21	13	8	5	3	2	1	1
228:	1	1	1	1	1	1	2	0

--------------------
Cycle:117	112	LW R4, 184(R10)

Registers
R00:	0	2	1	34	21	21	47	8	0	0	8	0	0	0	0	0
R16:	0	0	0	0	0	0	0	0	0	0	0	0	0	0	0	0

Data
164:	0	-1	0	1	2	1	47	34
196:	21	13	8	5	3	2	1	1
228:	1	1	1	1	1	1	2	0

--------------------
Cycle:118	116	LW R3, 180(R10)

Registers
R00:	0	2	1	34	34	21	47	8	0	0	8	0	0	0	0	0
R16:	0	0	0	0	0	0	0	0	0	0	0	0	0	0	0	0

Data
164:	0	-1	0	1	2	1	47	34
196:	21	13	8	5	3	2	1	1
228:	1	1	1	1	1	1	2	0

--------------------
Cycle:119	120	SRL R11, R1, #2

Registers
R00:	0	2	1	47	34	21	47	8	0	0	8	0	0	0	0	0
R16:	0	0	0	0	0	0	0	0	0	0	0	0	0	0	0	0

Data
164:	0	-1	0	1	2	1	47	34
196:	21	13	8	5	3	2	1	1
228:	1	1	1	1	1	1	2	0

--------------------
Cycle:120	124	BGTZ R11, #8

Registers
R00:	0	2	1	47	34	21	47	8	0	0	8	0	0	0	0	0
R16:	0	0	0	0	0	0	0	0	0	0	0	0	0	0	0	0

Data
164:	0	-1	0	1	2	1	47	34
196:	21	13	8	5	3	2	1	1
228:	1	1	1	1	1	1	2	0

--------------------
Cycle:121	128	ADD R6, R5, R3

Registers
R00:	0	2	1	47	34	21	47	8	0	0	8	0	0	0	0	0
R16:	0	0	0	0	0	0	0	0	0	0	0	0	0	0	0	0

Data
164:	0	-1	0	1	2	1	47	34
196:	21	13	8	5	3	2	1	1
228:	1	1	1	1	1	1	2	0

--------------------
Cycle:122	132	J #140

Registers
R00:	0	2	1	47	34	21	68	8	0	0	8	0	0	0	0	0
R16:	0	0	0	0	0	0	0	0	0	0	0	0	0	0	0	0

Data
164:	0	-1	0	1	2	1	47	34
196:	21	13	8	5	3	2	1	1
228:	1	1	1	1	1	1	2	0

--------------------
Cycle:123	140	SW R6, 176(R10)

Registers
R00:	0	2	1	47	34	21	68	8	0	0	8	0	0	0	0	0
R16:	0	0	0	0	0	0	0	0	0	0	0	0	0	0	0	0

Data
164:	0	-1	0	1	2	1	47	34
196:	21	13	8	5	3	2	1	1
228:	1	1	1	1	1	1	2	0

--------------------
Cycle:124	144	SUB R1, R1, R2

Registers
R00:	0	2	1	47	34	21	68	8	0	0	8	0	0	0	0	0
R16:	0	0	0	0	0	0	0	0	0	0	0	0	0	0	0	0

Data
164:	0	-1	0	1	2	68	47	34
196:	21	13	8	5	3	2	1	1
228:	1	1	1	1	1	1	2	0

--------------------
Cycle:125	148	SW R1, 252(R0)

Registers
R00:	0	1	1	47	34	21	68	8	0	0	8	0	0	0	0	0
R16:	0	0	0	0	0	0	0	0	0	0	0	0	0	0	0	0

Data
164:	0	-1	0	1	2	68	47	34
196:	21	13	8	5	3	2	1	1
228:	1	1	1	1	1	1	2	0

--------------------
Cycle:126	152	J #96

Registers
R00:	0	1	1	47	34	21	68	8	0	0	8	0	0	0	0	0
R16:	0	0	0	0	0	0	0	0	0	0	0	0	0	0	0	0

Data
164:	0	-1	0	1	2	68	47	34
196:	21	13	8	5	3	2	1	1
228:	1	1	1	1	1	1	1	0

--------------------
Cycle:127	96	LW R1, 252(R0)

Registers
R00:	0	1	1	47	34	21	68	8	0	0	8	0	0	0	0	0
R16:	0	0	0	0	0	0	0	0	0	0	0	0	0	0	0	0

Data
164:	0	-1	0	1	2	68	47	34
196:	21	13	8	5	3	2	1	1
228:	1	1	1	1	1	1	1	0

--------------------
Cycle:128	100	BLTZ R1, #52

Registers
R00:	0	1	1	47	34	21	68	8	0	0	8	0	0	0	0	0
R16:	0	0	0	0	0	0	0	0	0	0	0	0	0	0	0	0

Data
164:	0	-1	0	1	2	68	47	34
196:	21	13	8	5	3	2	1	1
228:	1	1	1	1	1	1	1	0

--------------------
Cycle:129	104	SLL R10, R1, #2

Registers
R00:	0	1	1	47	34	21	68	8	0	0	8	0	0	0	0	0
R16:	0	0	0	0	0	0	0	0	0	0	0	0	0	0	0	0

Data
164:	0	-1	0	1	2	68	47	34
196:	21	13	8	5	3	2	1	1
228:	1	1	1	1	1	1	1	0

--------------------
Cycle:130	108	LW R5, 188(R10)

Registers
R00:	0	1	1	47	34	21	68	8	0	0	4	0	0	0	0	0
R16:	0	0	0	0	0	0	0	0	0	0	0	0	0	0	0	0

Data
164:	0	-1	0	1	2	68	47	34
196:	21	13	8	5	3	2	1	1
228:	1	1	1	1	1	1	1	0

--------------------
Cycle:131	112	LW R4, 184(R10)

Registers
R00:	0	1	1	47	34	34	68	8	0	0	4	0	0	0	0	0
R16:	0	0	0	0	0	0	0	0	0	0	0	0	0	0	0	0

Data
164:	0	-1	0	1	2	68	47	34
196:	21	13	8	5	3	2	1	1
228:	1	1	1	1	1	1	1	0

--------------------
Cycle:132	116	LW R3, 180(R10)

Registers
R00:	0	1	1	47	47	34	68	8	0	0	4	0	0	0	0	0
R16:	0	0	0	0	0	0	0	0	0	0	0	0	0	0	0	0

Data
164:	0	-1	0	1	2	68	47	34
196:	21	13	8	5	3	2	1	1
228:	1	1	1	1	1	1	1	0

--------------------
Cycle:133	120	SRL R11, R1, #2

Registers
R00:	0	1	1	68	47	34	68	8	0	0	4	0	0	0	0	0
R16:	0	0	0	0	0	0	0	0	0	0	0	0	0	0	0	0

Data
164:	0	-1	0	1	2	68	47	34
196:	21	13	8	5	3	2	1	1
228:	1	1	1	1	1	1	1	0

--------------------
Cycle:134	124	BGTZ R11, #8

Registers
R00:	0	1	1	68	47	34	68	8	0	0	4	0	0	0	0	0
R16:	0	0	0	0	0	0	0	0	0	0	0	0	0	0	0	0

Data
164:	0	-1	0	1	2	68	47	34
196:	21	13	8	5	3	2	1	1
228:	1	1	1	1	1	1	1	0

--------------------
Cycle:135	128	ADD R6, R5, R3

Registers
R00:	0	1	1	68	47	34	68	8	0	0	4	0	0	0	0	0
R16:	0	0	0	0	0	0	0	0	0	0	0	0	0	0	0	0

Data
164:	0	-1	0	1	2	68	47	34
196:	21	13	8	5	3	2	1	1
228:	1	1	1	1	1	1	1	0

--------------------
Cycle:136	132	J #140

Registers
R00:	0	1	1	68	47	34	102	8	0	0	4	0	0	0	0	0
R16:	0	0	0	0	0	0	0	0	0	0	0	0	0	0	0	0

Data
164:	0	-1	0	1	2	68	47	34
196:	21	13	8	5	3	2	1	1
228:	1	1	1	1	1	1	1	0

--------------------
Cycle:137	140	SW R6, 176(R10)

Registers
R00:	0	1	1	68	47	34	102	8	0	0	4	0	0	0	0	0
R16:	0	0	0	0	0	0	0	0	0	0	0	0	0	0	0	0

Data
164:	0	-1	0	1	2	68	47	34
196:	21	13	8	5	3	2	1	1
228:	1	1	1	1	1	1	1	0

--------------------
Cycle:138	144	SUB R1, R1, R2

Registers
R00:	0	1	1	68	47	34	102	8	0	0	4	0	0	0	0	0
R16:	0	0	0	0	0	0	0	0	0	0	0	0	0	0	0	0

Data
164:	0	-1	0	1	102	68	47	34
196:	21	13	8	5	3	2	1	1
228:	1	1	1	1	1	1	1	0

--------------------
Cycle:139	148	SW R1, 252(R0)

Registers
R00:	0	0	1	68	47	34	102	8	0	0	4	0	0	0	0	0
R16:	0	0	0	0	0	0	0	0	0	0	0	0	0	0	0	0

Data
164:	0	-1	0	1	102	68	47	34
196:	21	13	8	5	3	2	1	1
228:	1	1	1	1	1	1	1	0

--------------------
Cycle:140	152	J #96

Registers
R00:	0	0	1	68	47	34	102	8	0	0	4	0	0	0	0	0
R16:	0	0	0	0	0	0	0	0	0	0	0	0	0	0	0	0

Data
164:	0	-1	0	1	102	68	47	34
196:	21	13	8	5	3	2	1	1
228:	1	1	1	1	1	1	0	0

--------------------
Cycle:141	96	LW R1, 252(R0)

Registers
R00:	0	0	1	68	47	34	102	8	0	0	4	0	0	0	0	0
R16:	0	0	0	0	0	0	0	0	0	0	0	0	0	0	0	0

Data
164:	0	-1	0	1	102	68	47	34
196:	21	13	8	5	3	2	1	1
228:	1	1	1	1	1	1	0	0

--------------------
Cycle:142	100	BLTZ R1, #52

Registers
R00:	0	0	1	68	47	34	102	8	0	0	4	0	0	0	0	0
R16:	0	0	0	0	0	0	0	0	0	0	0	0	0	0	0	0

Data
164:	0	-1	0	1	102	68	47	34
196:	21	13	8	5	3	2	1	1
228:	1	1	1	1	1	1	0	0

--------------------
Cycle:143	104	SLL R10, R1, #2

Registers
R00:	0	0	1	68	47	34	102	8	0	0	4	0	0	0	0	0
R16:	0	0	0	0	0	0	0	0	0	0	0	0	0	0	0	0

Data
164:	0	-1	0	1	102	68	47	34
196:	21	13	8	5	3	2	1	1
228:	1	1	1	1	1	1	0	0

--------------------
Cycle:144	108	LW R5, 188(R10)

Registers
R00:	0	0	1	68	47	34	102	8	0	0	0	0	0	0	0	0
R16:	0	0	0	0	0	0	0	0	0	0	0	0	0	0	0	0

Data
164:	0	-1	0	1	102	68	47	34
196:	21	13	8	5	3	2	1	1
228:	1	1	1	1	1	1	0	0

--------------------
Cycle:145	112	LW R4, 184(R10)

Registers
R00:	0	0	1	68	47	47	102	8	0	0	0	0	0	0	0	0
R16:	0	0	0	0	0	0	0	0	0	0	0	0	0	0	0	0

Data
164:	0	-1	0	1	102	68	47	34
196:	21	13	8	5	3	2	1	1
228:	1	1	1	1	1	1	0	0

--------------------
Cycle:146	116	LW R3, 180(R10)

Registers
R00:	0	0	1	68	68	47	102	8	0	0	0	0	0	0	0	0
R16:	0	0	0	0	0	0	0	0	0	0	0	0	0	0	0	0

Data
164:	0	-1	0	1	102	68	47	34
196:	21	13	8	5	3	2	1	1
228:	1	1	1	1	1	1	0	0

--------------------
Cycle:147	120	SRL R11, R1, #2

Registers
R00:	0	0	1	102	68	47	102	8	0	0	0	0	0	0	0	0
R16:	0	0	0	0	0	0	0	0	0	0	0	0	0	0	0	0

Data
164:	0	-1	0	1	102	68	47	34
196:	21	13	8	5	3	2	1	1
228:	1	1	1	1	1	1	0	0

--------------------
Cycle:148	124	BGTZ R11, #8

Registers
R00:	0	0	1	102	68	47	102	8	0	0	0	0	0	0	0	0
R16:	0	0	0	0	0	0	0	0	0	0	0	0	0	0	0	0

Data
164:	0	-1	0	1	102	68	47	34
196:	21	13	8	5	3	2	1	1
228:	1	1	1	1	1	1	0	0

--------------------
Cycle:149	128	ADD R6, R5, R3

Registers
R00:	0	0	1	102	68	47	102	8	0	0	0	0	0	0	0	0
R16:	0	0	0	0	0	0	0	0	0	0	0	0	0	0	0	0

Data
164:	0	-1	0	1	102	68	47	34
196:	21	13	8	5	3	2	1	1
228:	1	1	1	1	1	1	0	0

--------------------
Cycle:150	132	J #140

Registers
R00:	0	0	1	102	68	47	149	8	0	0	0	0	0	0	0	0
R16:	0	0	0	0	0	0	0	0	0	0	0	0	0	0	0	0

Data
164:	0	-1	0	1	102	68	47	34
196:	21	13	8	5	3	2	1	1
228:	1	1	1	1	1	1	0	0

--------------------
Cycle:151	140	SW R6, 176(R10)

Registers
R00:	0	0	1	102	68	47	149	8	0	0	0	0	0	0	0	0
R16:	0	0	0	0	0	0	0	0	0	0	0	0	0	0	0	0

Data
164:	0	-1	0	1	102	68	47	34
196:	21	13	8	5	3	2	1	1
228:	1	1	1	1	1	1	0	0

--------------------
Cycle:152	144	SUB R1, R1, R2

Registers
R00:	0	0	1	102	68	47	149	8	0	0	0	0	0	0	0	0
R16:	0	0	0	0	0	0	0	0	0	0	0	0	0	0	0	0

Data
164:	0	-1	0	149	102	68	47	34
196:	21	13	8	5	3	2	1	1
228:	1	1	1	1	1	1	0	0

--------------------
Cycle:153	148	SW R1, 252(R0)

Registers
R00:	0	-1	1	102	68	47	149	8	0	0	0	0	0	0	0	0
R16:	0	0	0	0	0	0	0	0	0	0	0	0	0	0	0	0

Data
164:	0	-1	0	149	102	68	47	34
196:	21	13	8	5	3	2	1	1
228:	1	1	1	1	1	1	0	0

--------------------
Cycle:154	152	J #96

Registers
R00:	0	-1	1	102	68	47	149	8	0	0	0	0	0	0	0	0
R16:	0	0	0	0	0	0	0	0	0	0	0	0	0	0	0	0

Data
164:	0	-1	0	149	102	68	47	34
196:	21	13	8	5	3	2	1	1
228:	1	1	1	1	1	1	-1	0

--------------------
Cycle:155	96	LW R1, 252(R0)

Registers
R00:	0	-1	1	102	68	47	149	8	0	0	0	0	0	0	0	0
R16:	0	0	0	0	0	0	0	0	0	0	0	0	0	0	0	0

Data
164:	0	-1	0	149	102	68	47	34
196:	21	13	8	5	3	2	1	1
228:	1	1	1	1	1	1	-1	0

--------------------
Cycle:156	100	BLTZ R1, #52

Registers
R00:	0	-1	1	102	68	47	149	8	0	0	0	0	0	0	0	0
R16:	0	0	0	0	0	0	0	0	0	0	0	0	0	0	0	0

Data
164:	0	-1	0	149	102	68	47	34
196:	21	13	8	5	3	2	1	1
228:	1	1	1	1	1	1	-1	0

--------------------
Cycle:157	156	ADD R1, R0, #4

Registers
R00:	0	-1	1	102	68	47	149	8	0	0	0	0	0	0	0	0
R16:	0	0	0	0	0	0	0	0	0	0	0	0	0	0	0	0

Data
164:	0	-1	0	149	102	68	47	34
196:	21	13	8	5	3	2	1	1
228:	1	1	1	1	1	1	-1	0

--------------------
Cycle:158	160	BREAK

Registers
R00:	0	4	1	102	68	47	149	8	0	0	0	0	0	0	0	0
R16:	0	0	0	0	0	0	0	0	0	0	0	0	0	0	0	0

Data
164:	0	-1	0	149	102	68	47	34
196:	21	13	8	5	3	2	1	1
228:	1	1	1	1	1	1	-1	0

--------------------
Cycle:159	160	BREAK

Registers
R00:	0	4	1	102	68	47	149	8	0	0	0	0	0	0	0	0
R16:	0	0	0	0	0	0	0	0	0	0	0	0	0	0	0	0

Data
164:	0	-1	0	149	102	68	47	34
196:	21	13	8	5	3	2	1	1
228:	1	1	1	1	1	1	-1	0
