--------------------
Cycle:1	64	ADD R1, R0, R0

Registers
R00:	0	0	0	0	0	0	0	0	0	0	0	0	0	0	0	0
R16:	0	0	0	0	0	0	0	0	0	0	0	0	0	0	0	0

Data
148:	-1	-2	-3	1	2	4	-4	10
180:	7	9	1	0	-1	1	-1	0
212:	0	0	0	0	0	0	0	0

--------------------
Cycle:2	68	ADD R2, R0, #5

Registers
R00:	0	0	0	0	0	0	0	0	0	0	0	0	0	0	0	0
R16:	0	0	0	0	0	0	0	0	0	0	0	0	0	0	0	0

Data
148:	-1	-2	-3	1	2	4	-4	10
180:	7	9	1	0	-1	1	-1	0
212:	0	0	0	0	0	0	0	0

--------------------
Cycle:3	72	BEQ R1, R2, #68

Registers
R00:	0	0	0	0	0	0	0	0	0	0	0	0	0	0	0	0
R16:	0	0	0	0	0	0	0	0	0	0	0	0	0	0	0	0

Data
148:	-1	-2	-3	1	2	4	-4	10
180:	7	9	1	0	-1	1	-1	0
212:	0	0	0	0	0	0	0	0

--------------------
Cycle:4	76	SLL R16, R1, #2

Registers
R00:	0	0	0	0	0	0	0	0	0	0	0	0	0	0	0	0
R16:	0	0	0	0	0	0	0	0	0	0	0	0	0	0	0	0

Data
148:	-1	-2	-3	1	2	4	-4	10
180:	7	9	1	0	-1	1	-1	0
212:	0	0	0	0	0	0	0	0

--------------------
Cycle:5	80	LW R3, 148(R16)

Registers
R00:	0	0	0	0	0	0	0	0	0	0	0	0	0	0	0	0
R16:	0	0	0	0	0	0	0	0	0	0	0	0	0	0	0	0

Data
148:	-1	-2	-3	1	2	4	-4	10
180:	7	9	1	0	-1	1	-1	0
212:	0	0	0	0	0	0	0	0

--------------------
Cycle:6	84	LW R4, 168(R16)

Registers
R00:	0	0	0	0	0	0	0	0	0	0	0	0	0	0	0	0
R16:	0	0	0	0	0	0	0	0	0	0	0	0	0	0	0	0

Data
148:	-1	-2	-3	1	2	4	-4	10
180:	7	9	1	0	-1	1	-1	0
212:	0	0	0	0	0	0	0	0

--------------------
Cycle:7	88	LW R5, 188(R16)

Registers
R00:	0	0	0	0	0	0	0	0	0	0	0	0	0	0	0	0
R16:	0	0	0	0	0	0	0	0	0	0	0	0	0	0	0	0

Data
148:	-1	-2	-3	1	2	4	-4	10
180:	7	9	1	0	-1	1	-1	0
212:	0	0	0	0	0	0	0	0

--------------------
Cycle:8	92	MUL R5, R3, R4

Registers
R00:	0	0	0	0	0	0	0	0	0	0	0	0	0	0	0	0
R16:	0	0	0	0	0	0	0	0	0	0	0	0	0	0	0	0

Data
148:	-1	-2	-3	1	2	4	-4	10
180:	7	9	1	0	-1	1	-1	0
212:	0	0	0	0	0	0	0	0

--------------------
Cycle:9	96	BEQ R5, R0, #28

Registers
R00:	0	0	0	0	0	0	0	0	0	0	0	0	0	0	0	0
R16:	0	0	0	0	0	0	0	0	0	0	0	0	0	0	0	0

Data
148:	-1	-2	-3	1	2	4	-4	10
180:	7	9	1	0	-1	1	-1	0
212:	0	0	0	0	0	0	0	0

--------------------
Cycle:10	100	BGTZ R5, #16

Registers
R00:	0	0	0	0	0	0	0	0	0	0	0	0	0	0	0	0
R16:	0	0	0	0	0	0	0	0	0	0	0	0	0	0	0	0

Data
148:	-1	-2	-3	1	2	4	-4	10
180:	7	9	1	0	-1	1	-1	0
212:	0	0	0	0	0	0	0	0

--------------------
Cycle:11	104	ADD R6, R3, R4

Registers
R00:	0	0	0	0	0	0	0	0	0	0	0	0	0	0	0	0
R16:	0	0	0	0	0	0	0	0	0	0	0	0	0	0	0	0

Data
148:	-1	-2	-3	1	2	4	-4	10
180:	7	9	1	0	-1	1	-1	0
212:	0	0	0	0	0	0	0	0

--------------------
Cycle:12	108	SUB R5, R6, R5

Registers
R00:	0	0	0	0	0	0	0	0	0	0	0	0	0	0	0	0
R16:	0	0	0	0	0	0	0	0	0	0	0	0	0	0	0	0

Data
148:	-1	-2	-3	1	2	4	-4	10
180:	7	9	1	0	-1	1	-1	0
212:	0	0	0	0	0	0	0	0

--------------------
Cycle:13	112	J #132

Registers
R00:	0	0	0	0	0	0	0	0	0	0	0	0	0	0	0	0
R16:	0	0	0	0	0	0	0	0	0	0	0	0	0	0	0	0

Data
148:	-1	-2	-3	1	2	4	-4	10
180:	7	9	1	0	-1	1	-1	0
212:	0	0	0	0	0	0	0	0

--------------------
Cycle:14	116	BLTZ R5, #4

Registers
R00:	0	0	0	0	0	0	0	0	0	0	0	0	0	0	0	0
R16:	0	0	0	0	0	0	0	0	0	0	0	0	0	0	0	0

Data
148:	-1	-2	-3	1	2	4	-4	10
180:	7	9	1	0	-1	1	-1	0
212:	0	0	0	0	0	0	0	0

--------------------
Cycle:15	120	SLL R5, R5, #2

Registers
R00:	0	0	0	0	0	0	0	0	0	0	0	0	0	0	0	0
R16:	0	0	0	0	0	0	0	0	0	0	0	0	0	0	0	0

Data
148:	-1	-2	-3	1	2	4	-4	10
180:	7	9	1	0	-1	1	-1	0
212:	0	0	0	0	0	0	0	0

--------------------
Cycle:16	124	J #132

Registers
R00:	0	0	0	0	0	0	0	0	0	0	0	0	0	0	0	0
R16:	0	0	0	0	0	0	0	0	0	0	0	0	0	0	0	0

Data
148:	-1	-2	-3	1	2	4	-4	10
180:	7	9	1	0	-1	1	-1	0
212:	0	0	0	0	0	0	0	0

--------------------
Cycle:17	128	ADD R5, R5, #12

Registers
R00:	0	0	0	0	0	0	0	0	0	0	0	0	0	0	0	0
R16:	0	0	0	0	0	0	0	0	0	0	0	0	0	0	0	0

Data
148:	-1	-2	-3	1	2	4	-4	10
180:	7	9	1	0	-1	1	-1	0
212:	0	0	0	0	0	0	0	0

--------------------
Cycle:18	132	SW R5, 188(R16)

Registers
R00:	0	0	0	0	0	0	0	0	0	0	0	0	0	0	0	0
R16:	0	0	0	0	0	0	0	0	0	0	0	0	0	0	0	0

Data
148:	-1	-2	-3	1	2	4	-4	10
180:	7	9	1	0	-1	1	-1	0
212:	0	0	0	0	0	0	0	0

--------------------
Cycle:19	136	ADD R1, R1, #1

Registers
R00:	0	0	0	0	0	0	0	0	0	0	0	0	0	0	0	0
R16:	0	0	0	0	0	0	0	0	0	0	0	0	0	0	0	0

Data
148:	-1	-2	-3	1	2	4	-4	10
180:	7	9	1	0	-1	1	-1	0
212:	0	0	0	0	0	0	0	0

--------------------
Cycle:20	140	J #72

Registers
R00:	0	0	0	0	0	0	0	0	0	0	0	0	0	0	0	0
R16:	0	0	0	0	0	0	0	0	0	0	0	0	0	0	0	0

Data
148:	-1	-2	-3	1	2	4	-4	10
180:	7	9	1	0	-1	1	-1	0
212:	0	0	0	0	0	0	0	0

--------------------
Cycle:21	144	BREAK

Registers
R00:	0	0	0	0	0	0	0	0	0	0	0	0	0	0	0	0
R16:	0	0	0	0	0	0	0	0	0	0	0	0	0	0	0	0

Data
148:	-1	-2	-3	1	2	4	-4	10
180:	7	9	1	0	-1	1	-1	0
212:	0	0	0	0	0	0	0	0
